.Random.seed <-
c(403L, 10L, 2022757217L, 1519965939L, 153782626L, -2023983148L, 
1044120279L, -1905145651L, 1242316900L, 1387097674L, 78609333L, 
127715087L, -853847018L, -267256128L, 1680124035L, 867648673L, 
2033281680L, -1781753490L, -387893479L, -1538659413L, -250545766L, 
-546300580L, -1006144417L, -877466571L, 1896839116L, 1022632738L, 
2029575549L, -1851265417L, -1623107682L, 1595995736L, 807493563L, 
-1192382119L, -190387480L, 1674556182L, 2140681361L, -1487050429L, 
-1747786670L, -690407708L, -1891012313L, -1785241219L, -51779468L, 
531171930L, -59341147L, 1396397247L, 1869801286L, -2023045680L, 
451123187L, 1752592145L, -192778432L, -16967906L, -1880913943L, 
-1729811173L, 1262880554L, -1592666036L, -1343016945L, -1738704059L, 
-765842180L, 1289509714L, -1042432819L, 1341308039L, -1767143570L, 
-1360512696L, 610942283L, -502816599L, -443072008L, -282332890L, 
1287680577L, 1055210451L, -1360885374L, -30704204L, -1545696969L, 
-1287496659L, -255342268L, -2038677910L, -1740982059L, -1158539665L, 
-1589787786L, -1788906336L, -399839901L, 1970372097L, 1317551472L, 
-1030677234L, 1415372665L, 97509131L, -1038737350L, 606908220L, 
1301154943L, 252911573L, 1194332652L, 1551459138L, 1606757533L, 
-1632611049L, -884544386L, 331367480L, 816423707L, -1509635975L, 
-67989304L, -1303234314L, -710653647L, -1036517021L, 1937085234L, 
425942148L, 1362061511L, 384619421L, -537831660L, 1553993146L, 
-664310779L, 96633311L, 337609830L, 2104476656L, -245859053L, 
-1718033743L, 2141867360L, -484195586L, -1496908151L, 1193945531L, 
-2109664374L, 216775276L, 1356592111L, -715293659L, 148464860L, 
-153650510L, -497738323L, -558194329L, 750861966L, -493787288L, 
1305042795L, 147425545L, 1379147672L, -24025402L, -2008992735L, 
2137432243L, -255591902L, -290898924L, 1518514327L, -2735475L, 
2083148708L, -1836880502L, -698115595L, 2097771599L, -266620074L, 
1029712384L, -1625586877L, -85671199L, 639684688L, -1031278418L, 
1964188761L, -1849699221L, -1392797222L, -37084516L, 278461599L, 
-1076580619L, 1130582924L, -251993502L, 885020221L, 1318140087L, 
-524269730L, 997755544L, -254092805L, -583728231L, -1042555864L, 
-163279658L, -178079407L, 447879171L, 620085138L, 693398820L, 
396125159L, 1951643709L, 321578676L, -1987089126L, -1842250139L, 
-1713548545L, -1957755002L, -2003715824L, -1412609613L, 262738513L, 
-1182400000L, -1137041698L, 1119278377L, -926197541L, -334061590L, 
1397325708L, 1910059215L, 1345433733L, 619533116L, 1476127250L, 
1134682381L, 1615325767L, 222097454L, -437828216L, -1898734453L, 
1617180265L, 212691512L, 1430174438L, 1985222273L, 1494825491L, 
-1463059006L, -1697515916L, -1132427145L, -1487722131L, -593850876L, 
-698876630L, 2037602965L, 139129135L, 1213547574L, 1912758368L, 
-1596062045L, 1061487041L, 1288224176L, 1878963406L, -567991751L, 
-1027296181L, -173550086L, 707088636L, 2063385919L, -1143932395L, 
-217886420L, -421903870L, 1140396253L, -178428969L, -561357122L, 
-424777480L, 1298962139L, -778638023L, 7698568L, -1129414602L, 
-1678363535L, 220167843L, -283298830L, -2142112836L, 2237554L, 
-2002286608L, -347298748L, -789378984L, -2017001414L, -879851408L, 
897449532L, -731355372L, 1410517698L, 961712864L, -159071108L, 
-384070448L, 607048610L, -376058328L, -974028532L, 39978940L, 
-117477070L, 1991563456L, -1167470028L, 1234475720L, -1982971206L, 
-381432688L, 1063405292L, -912746924L, -42719598L, 1777952544L, 
2015213516L, -1595938592L, -955806014L, 2126812200L, 617716652L, 
-983397700L, -975724046L, 1893656112L, -817006684L, 302596536L, 
-918217894L, 453481616L, 2093292412L, 1324392212L, 444439874L, 
-107688192L, -16532548L, -2051367088L, 1178460450L, 459713096L, 
-841951220L, 1219464284L, -316812846L, -934341120L, -345214636L, 
1203052776L, -2113089286L, 1871488720L, 87771436L, 615332084L, 
875179410L, 1937508704L, -1120974836L, -707220768L, -629104030L, 
1586723496L, -577078708L, -1302083716L, 1204260146L, 219997808L, 
-568788156L, 349898712L, -105799814L, 1085976112L, -1065297988L, 
1527715412L, -2128050110L, 510689440L, -1287917892L, 1163692496L, 
1001874274L, -704249112L, -538984244L, -629669380L, 2068228594L, 
487160448L, 1717564916L, -1203411320L, 1778474810L, -2082372784L, 
1283093612L, -686196332L, -1571937198L, 646474208L, 1533951180L, 
-512873312L, -1248422526L, 437002472L, -1369866516L, 1092390204L, 
-1556693902L, -553295760L, 1765406756L, -1078580168L, 193623834L, 
552238288L, 1259280188L, 2004408212L, 1117195138L, -856378944L, 
1797082684L, 1894393232L, -364009950L, -1133208312L, -1569749364L, 
305190684L, 1558061202L, 1262668160L, 344808980L, -1583067352L, 
-1437134278L, -1597958704L, -1866397332L, 1827054516L, -773076974L, 
-1513558560L, -1538310196L, -135225120L, 907139106L, -1413512920L, 
-1639563764L, 100130620L, 1572633586L, 1215277808L, -1629706684L, 
-1562860968L, -56533190L, -708905488L, -500314436L, 1915967764L, 
818608834L, 728779872L, 2032104316L, 756205520L, -2069774046L, 
-1658877272L, -1521093748L, -1133729604L, -394565838L, 118164032L, 
-1341233996L, -898336184L, -1789747782L, -1962214896L, -2101884180L, 
-1230091948L, 424427794L, 1826897312L, 2117835468L, 118373984L, 
-1827545150L, 398688040L, -2105192532L, 1979364156L, 1470171506L, 
-60441808L, 1436812580L, -413164744L, 1713542874L, -1194778736L, 
-1968640260L, 117736340L, -1360136126L, 119989504L, -353942468L, 
327811408L, 994592930L, 92903752L, -1816787188L, -773049636L, 
-2125714094L, 1122253952L, 180224084L, -1269377048L, 1608524026L, 
-1572615344L, 656989996L, -759522956L, 1642679186L, -858773408L, 
-718281332L, 1998027616L, 1529334242L, -44209240L, 1950891212L, 
-104908804L, 760898994L, 346820080L, -1293485116L, 1761598808L, 
-487329414L, 1095699376L, -1072545348L, -1116059564L, 2044866498L, 
-417040352L, 1783044284L, 1450590800L, 993217506L, -1956632472L, 
1658338380L, 40270076L, -2146632718L, 444750080L, 1078575476L, 
-299367416L, -2031583302L, 1085280720L, -1794188308L, -1139803756L, 
-930250286L, 977719648L, -889884852L, -6723296L, -141076606L, 
-639316248L, -1173413652L, 1737253948L, 2145958770L, 492013168L, 
-85690148L, -536940723L, -1225417033L, 1577700416L, -674872034L, 
1496244203L, -88693907L, -2093829670L, -1749111912L, -1964338687L, 
110969779L, 399680212L, -497630238L, -197552521L, -897151039L, 
240430406L, 552434820L, 279462453L, 1370737183L, 1277103480L, 
719965270L, 262443235L, -367790427L, -1845314750L, -1719742160L, 
622307673L, 1037265611L, -145222852L, -114230422L, 1710594463L, 
393793577L, -2098287938L, -139105364L, 310515965L, 856560711L, 
1264382768L, 455832654L, 324343931L, 887954397L, -1297808886L, 
2011588392L, -1722877551L, -1506984061L, 1871983748L, -820579662L, 
-1530976761L, 1989338705L, 340745686L, 325300404L, 1788472517L, 
-1345966577L, 716007048L, 2051820454L, 763331411L, 1622412469L, 
-413177326L, 1241212896L, -47138231L, 49606779L, 1012343116L, 
-221088550L, 1824453839L, 1636802713L, 536018094L, -1217803844L, 
-1002261971L, 242582999L, 2114653216L, 1910731134L, 1113218891L, 
1836492109L, 234875770L, 452914616L, 1281199969L, 493889299L, 
1032732468L, 1152609602L, -2097634985L, -84841311L, 131167590L, 
-1074342044L, -2003724651L, 1644400575L, -2144414888L, -1355697802L, 
-57724029L, -1485327931L, -903883038L, -779208880L, 2141753977L, 
694293931L, -519644388L, -288412598L, 494778431L, 95004809L, 
814607518L, 446994764L, 1708917021L, -1889399641L, -1610523696L, 
-2062408850L, -872455653L, 268624765L, -2011758230L, 690683912L, 
-114480975L, -1566882013L, -469711836L, 220829394L, 1784148775L, 
-1814284943L, 1483815862L, 393453396L, -1409148443L, 1486521327L, 
-403713240L, -71314554L, 1491136435L, -1397373163L, 852259186L, 
2071180736L, 35235369L, -1026393445L, 1009779564L, -1129456774L, 
-1146772305L, -698495047L, 495569358L, 1387932956L, -731756403L, 
1819845879L, 1743224832L, -599154082L, 1384824107L, -1863139795L, 
1391101594L, 907792984L, -954978879L, 665031283L, -2045440108L, 
