.Random.seed <-
c(403L, 10L, 945170116L, -2142371705L, -2135522211L, 1431317076L, 
2131984506L, -1713175611L, -1647332065L, -2014374746L, -657676752L, 
629472467L, -115854607L, 2081866272L, -2123225922L, -1991585591L, 
210260603L, -31721398L, 803866796L, -611094609L, 412466021L, 
1574949148L, -191473294L, 282642925L, -145449433L, 353095246L, 
339735208L, 683659435L, 981465545L, 676582872L, -1790172026L, 
322193761L, 719310067L, -152112286L, 941817300L, 839891159L, 
-1486402867L, -328951196L, -457289654L, 251958709L, 1793718543L, 
-1858738666L, -632250176L, 2120791683L, 544240289L, 1157584016L, 
-1198882962L, 1051023641L, 743291307L, 1324029850L, -1925544100L, 
986027615L, 476882485L, -1295366708L, -926251742L, 618016637L, 
601228407L, 1223014814L, -372330408L, 1871523259L, -752106663L, 
1472901352L, 1484427542L, 683750033L, -1611776189L, 655563346L, 
66071780L, -1008224473L, 2046669693L, 1955481204L, -639289254L, 
314818725L, 444555967L, 27965766L, 1950879696L, -2073474573L, 
1811014929L, -1457143488L, 1070182686L, 1011418601L, 1604732699L, 
-284839638L, 876341836L, -1076660721L, -2038720187L, 391512828L, 
1193343314L, -1816129843L, 1582540423L, -1964347026L, 1138461512L, 
-921268405L, 274552489L, 1511402488L, -1167748314L, 1790628929L, 
2047997395L, -492587134L, 1061419956L, -258141385L, 938144301L, 
675836740L, -1826023318L, 1415873237L, 1552137327L, 952006006L, 
1908620960L, -1052705949L, 1967263745L, -741573776L, -1244826866L, 
1157156217L, 658073867L, -2024433094L, -231911108L, -845545857L, 
-1240390187L, -2063131668L, 1351425346L, 595960477L, -1382314217L, 
1162849918L, 198544952L, 1179007259L, -184148359L, 920967880L, 
-1732850954L, 566215473L, -1694690461L, 1208805682L, 1744689796L, 
390805191L, -788300387L, -84862700L, 328366010L, -139779579L, 
-1503120417L, 1458358886L, 604603888L, 1891451667L, -235672399L, 
-1607127200L, 823143678L, -1587680119L, 293260219L, -1161271926L, 
-413719444L, 1682062831L, -1413040603L, 215814876L, -1073084238L, 
1791675309L, -467038361L, 395107470L, -769812120L, -894400149L, 
-640857335L, -61301352L, -1677914938L, 1823544865L, -135956813L, 
64035874L, -1467800044L, 565058199L, 177001613L, -466626140L, 
1574978442L, -345165835L, 1190534735L, -1323292330L, -1395371008L, 
1804295491L, 78844129L, -1014076848L, -1241409874L, -1083940263L, 
-1579005333L, 1931427802L, 608272540L, 655372959L, -1568218891L, 
383789452L, -461355934L, -1819573187L, -1588910409L, 4883806L, 
216222872L, 1921079291L, 1688460697L, -1103798744L, 466446038L, 
424391505L, -1177741821L, -1560389230L, 749725476L, -1372976665L, 
-233183683L, -1819438924L, -888174822L, -1174754203L, -389208833L, 
599410054L, -1041630448L, -2012184653L, -811219887L, 1572939776L, 
676002014L, -630459607L, -695013669L, 1514208746L, -366180980L, 
1353046735L, -1395956091L, 137069884L, 14747666L, 1692280589L, 
14222407L, -1806391762L, 902401928L, 230427275L, 58449001L, -107478984L, 
-261699354L, -2024116095L, 1447675923L, 782032834L, 179660916L, 
-775471497L, 820469613L, 1116471588L, 1172241976L, -1327190630L, 
-1947658800L, 63009212L, 1544755860L, -1601882494L, 2115041728L, 
-883073220L, -233159024L, -1370176734L, -408539640L, -1507809524L, 
1631002524L, 1586755602L, 891585408L, 1492729620L, 158607656L, 
764868666L, -441407536L, -1079360916L, -1368374220L, -333173614L, 
-1459341984L, 1167810892L, -1585028640L, 261666722L, -956604504L, 
-38450036L, -1472844868L, 1267269746L, 142808048L, 966803524L, 
-1109060520L, -1917450182L, 429654128L, -1108063684L, -2010576108L, 
1598611138L, 14819040L, -1544502148L, -2010500912L, 2043618210L, 
-73145816L, -2071356148L, -1001346116L, 1558531378L, -676133696L, 
-1319322060L, -337418552L, 989400762L, 204785808L, -166139156L, 
-1876925868L, 1708877458L, -128984288L, -2017698868L, -988498720L, 
-2131379518L, -533905368L, 1670243244L, -109194564L, -291660302L, 
-1516835280L, 44763044L, 2023548344L, 578045786L, -293369712L, 
-386948228L, -1588700396L, 1631158594L, -1376296192L, 35760060L, 
99918672L, 1952427298L, 809506376L, 846211084L, -432617380L, 
182325714L, 1384362496L, 224721236L, 1055474920L, -180601606L, 
-1747460400L, 497607980L, 237471988L, 241995154L, 825774432L, 
283742220L, 366507744L, 1789225570L, -742955352L, -1914026420L, 
-1831066756L, 482960690L, 268662384L, 1267501892L, 1784415192L, 
1378013050L, -1735570896L, -1603703876L, -1992781228L, 2026112066L, 
-935133024L, 1746598588L, 507198928L, 145213282L, 1587825384L, 
-1932340020L, -598716932L, 120371698L, 5297792L, -247163404L, 
199881352L, -1485562054L, 284360528L, 134495340L, -954075756L, 
-24542126L, -1492280864L, 1092332748L, -561846112L, -2046391934L, 
-658499352L, -1143448852L, -196885188L, -554924942L, -1395225488L, 
733369380L, -216215496L, -2082774246L, 1289610448L, 914740028L, 
627842964L, -356018302L, -1212666432L, 1305817660L, -1688897136L, 
-557706718L, 716492040L, 1106387596L, 375785244L, 662153362L, 
2049616256L, -1029346796L, -1036623064L, -151200198L, -755478064L, 
-921995924L, -189371468L, -1984197614L, -1526015520L, -2077320244L, 
1931954400L, -1341210590L, 260214056L, -2034061812L, -4572356L, 
-1504721934L, -1661870352L, -2034720188L, -149442984L, 1485390650L, 
868393456L, 2086432444L, 223636756L, 276608706L, 1745729632L, 
-1903503492L, -413434928L, 1357753634L, 130352808L, -1951573108L, 
276835516L, -485931214L, -1185433024L, 103100596L, -375154104L, 
-1147810374L, -1256205808L, -157452564L, 620987732L, -1518324462L, 
-486463072L, 1622144716L, -1296916896L, 397331394L, 1187343144L, 
1130523564L, -1256849604L, -1478296206L, 1026797360L, 463779108L, 
236458808L, -1970975014L, 946396048L, -1856664836L, 440783764L, 
-1054220222L, -1805725440L, -1264395204L, 1951356240L, -1147285342L, 
-98204344L, 375462668L, 619338460L, -290971310L, -798791552L, 
-1711248300L, -1946004504L, -2114917126L, -1743360176L, 1894332204L, 
-589800076L, 51396498L, 828353632L, 1338951052L, -1272396960L, 
198370786L, 1617597352L, -1358030644L, 1475875836L, 1751445938L, 
-1202635280L, 1939054532L, 2125973848L, 823004538L, -392407408L, 
1405335726L, 292632923L, -14619331L, -1702584406L, 1453176904L, 
752095345L, 94043619L, 562821348L, -1794042862L, 513794023L, 
-366049359L, 267344374L, 495051796L, -481420507L, 1390148655L, 
-2127188504L, 2107280070L, -775679117L, -1104618539L, 902718386L, 
-868289152L, 479391081L, -479739429L, -2036291284L, -1331786950L, 
-1993660945L, -1965703047L, 469330702L, -724803876L, -1822134963L, 
1203011767L, -169182656L, -808140002L, 94587371L, 853165421L, 
421014490L, -935461480L, -1852120063L, 2109904307L, 1603124436L, 
-891475486L, -442555273L, -71075391L, 212960070L, -1354871164L, 
-884697035L, -1441265633L, 1982574456L, -1558247850L, -1066476829L, 
259005605L, 1577698626L, -298937552L, -1722894503L, -968450869L, 
1890872636L, -427824790L, 2008998815L, -1997709783L, -69582658L, 
-108258900L, 1684686589L, -1035632057L, -1763356368L, 1499421262L, 
-2130001285L, -370794019L, 1319725066L, -2004584152L, -454604911L, 
-600782461L, -1339677052L, 930059442L, -1923931129L, 1678684241L, 
-855908394L, -201953612L, -1989030203L, 436830223L, -1724936056L, 
347353510L, 221079891L, -535979339L, -687427566L, 1377010144L, 
-732859319L, 1046307451L, -1554224308L, 936664794L, -106106161L, 
-371535207L, 80887470L, -1415259204L, -1501486035L, 688630743L, 
-1350188512L, 1201865598L, -2083812021L, -1850118323L, 323454330L, 
-1734166600L, -209326751L, -267886317L, -82568908L, 1922601794L, 
-332577961L, 209355425L, 1627485030L, -1756885660L, -1066436459L, 
146291135L, 1302392152L, 1725174646L, 2138665347L, 748041157L, 
-692262686L, -964162224L, 1208163449L, -145870933L, -187247332L, 
-265969078L, 983623231L, -184321399L, 1359306398L, -457688244L, 
1673681693L, -84579673L, -2031017520L, -2062333586L, 1951331355L, 
979393917L, -1652221078L, 303898120L, 400560817L, -489710301L, 
-1586844124L, -1494678318L, 943981863L, 556388209L, -1867608650L, 
